hyperparameters:
  act_function: 'relu'
  depth_transformer_encoder_blocks: 8
  dropout_rate_1: 0.3
  dropout_rate_2: 0.2
  lr_esm2: 0.00000312659891982138
  lr_scratch: 0.00005102916182097042
  n_attention_heads: 4
  transition_weight: -1.3648789111020785

