hyperparameters:
  act_function: 'gelu'
  depth_transformer_encoder_blocks: 4
  dropout_rate_1: 0.3
  dropout_rate_2: 0.3
  lr_esm2: 0.00000135936476089485
  lr_scratch: 0.00005460441323176815
  n_attention_heads: 4
  transition_weight: -1.8846152224016033
